500 500
53 241
440 388
17 438
369 31
477 379
134 317
274 16
10 230
486 157
162 252
2 430
80 351
309 87
39 305
214 3
92 323
257 473
24 247
426 163
125 174
386 19
131 98
281 10
132 83
6 80
387 329
169 244
172 145
288 52
243 86
12 118
38 322
168 1
429 302
472 241
279 61
311 338
179 48
438 487
426 28
66 207
181 390
328 66
20 389
439 422
157 428
404 401
258 4
255 389
293 273
71 22
357 257
143 499
308 138
240 88
93 191
403 258
492 345
374 3
412 363
459 55
391 487
231 495
55 442
15 481
37 198
150 93
160 108
33 215
161 63
483 165
126 95
406 205
253 309
413 186
89 168
296 119
496 236
378 21
282 2
245 303
270 104
223 484
434 398
275 166
424 50
496 239
372 93
166 388
296 188
69 275
261 46
98 445
300 70
438 12
329 159
489 305
444 403
175 494
427 199
308 284
166 307
376 50
188 68
442 280
208 272
114 236
214 448
386 325
321 468
211 495
71 118
129 49
483 449
351 338
341 50
368 82
22 108
387 283
79 338
451 9
194 358
130 217
162 333
462 60
425 90
396 100
473 212
79 444
367 177
83 75
212 35
372 198
123 446
129 373
8 441
498 268
343 107
75 48
78 388
63 354
44 94
477 382
389 429
61 367
1 286
453 174
256 420
347 125
63 189
178 467
279 320
229 378
222 494
315 446
388 464
450 203
416 13
483 266
54 494
410 24
344 285
401 338
407 165
57 206
466 35
243 14
142 496
51 333
247 202
286 296
439 250
434 252
323 351
291 477
131 443
89 354
266 322
27 47
353 44
190 220
249 432
180 325
309 16
254 187
387 93
445 114
44 438
404 30
41 226
123 27
18 137
300 22
41 64
447 463
81 22
337 477
347 12
285 386
280 237
432 7
469 255
436 152
302 166
471 185
472 48
393 435
85 334
425 384
423 111
372 382
159 31
137 201
228 195
262 188
3 363
123 359
232 324
338 249
389 310
423 438
351 397
56 363
463 189
118 220
474 324
64 9
276 46
469 492
252 119
242 476
331 178
210 24
147 432
241 448
433 334
107 270
39 73
319 398
343 84
147 427
16 444
273 306
222 212
60 432
18 424
217 370
358 226
447 497
224 277
453 22
322 89
27 138
308 322
262 480
132 446
82 477
452 496
461 492
443 308
270 132
241 439
253 154
120 417
58 43
232 74
464 129
499 87
22 154
290 487
286 486
229 317
361 92
192 189
37 128
221 136
120 283
245 347
40 183
385 294
51 143
255 228
337 16
356 424
417 124
177 388
272 80
340 468
53 496
45 264
400 40
489 222
413 370
447 265
209 138
299 306
60 306
7 263
210 79
322 187
335 345
424 261
206 45
433 212
170 497
291 398
475 48
56 204
367 161
453 291
69 171
391 349
455 278
27 431
303 401
131 248
297 66
191 359
355 192
86 2
31 337
23 158
208 450
470 417
197 34
185 313
387 311
165 238
321 362
236 19
195 288
367 172
340 152
236 369
413 271
491 400
386 324
20 372
40 187
489 189
52 151
460 196
60 100
273 368
152 188
464 343
169 499
10 132
419 290
428 93
123 133
164 370
218 334
105 473
459 427
427 363
251 259
483 260
88 290
332 442
65 189
323 298
442 24
74 479
89 186
286 15
249 423
389 477
3 350
236 295
15 333
456 316
78 234
273 205
117 325
135 374
415 423
319 314
482 248
59 290
320 232
215 263
472 120
15 409
397 329
464 20
483 405
129 331
386 305
181 452
304 359
48 126
139 221
440 121
203 108
270 293
454 297
238 125
262 64
28 197
93 229
59 185
136 294
249 210
7 379
111 485
182 374
315 350
188 441
413 35
139 231
76 42
104 286
434 78
437 110
262 21
194 176
10 404
448 468
265 186
326 149
23 408
125 399
420 237
341 245
489 228
258 333
451 198
229 239
188 235
202 49
481 88
163 103
473 378
81 304
241 154
288 493
116 271
354 450
201 478
335 367
50 149
125 465
229 154
330 105
196 284
144 60
342 424
497 83
321 411
137 254
372 220
286 25
153 409
10 258
294 436
291 4
428 401
126 477
293 62
287 391
204 48
159 462
120 15
375 311
20 40
396 482
187 434
183 67
314 189
65 45
194 429
240 370
408 81
386 136
328 434
456 10
249 386
352 34
19 57
66 333
180 46
14 457
475 186
71 376
136 336
265 129
63 399
385 284
187 153
486 165
249 69
186 489
105 309
467 377
125 315
86 9
327 16
168 215
330 170
